Occupation	[1850, 1860, 1870, 1880, 1900, 1910, 1920, 1930, 1940, 1950, 1960, 1970, 1980, 1990, 2000]
-15|Architect	:	405	1707	1914	3892	10151	16624	15439	18200	19929	24820	30179	57091	107765	143413	171025	
-15|Bookkeeper	:	2225	16847	30849	62745	158957	294208	244835	234070	454109	177052	170070	337040		|	226696	239124	220113	
-15|Carpenter	:	219647	273528	352340	387029	600594	816886	840929	852292	741073	973660	1100617	1111775	1531584	1604105	1712796	
-15|Dentist	:	2023	5720	7136	12171	26222	41818	56401	69763	69505	70950	84779	90658	125312	148591	141323	
-15|Engineer	:	0	0	101	0	1006	0	9888	12636	0	78147	152998	253425	308454	395357	396626	
-15|Farmer	:	2415878	2586005	3118876	4483723	5535233	5765835	6225184	5791250	5064557	4225264	2766741	1655668	1284012	868622	634832	
-15|Gardener / Groundskeeper	:	8596	18751	31048	41906	55665	93958	39958	124869	186215	157029	287768	543926	570275	924326	1267931	
-15|Household Worker	:	14966	36635	79495	200507	109734	287427	108884	108678	188721	92978	114267	100857	57388	62976	31353	
-15|Insurance Agent	:	606	1806	12458	13365	67332	74801	119169	259333	232506	288469	415632	509645	536722	605552	512838	
-15|Job Setter	:	0	0	0	0	0	0	2524	6571	0	24555	40441	91541	57611	28718	0	
-15|Librarian	:	0	100	302	298	805	0	1313	2022	4836	6517	12953	24742	38669	50193	38871	
-15|Nurse	:	101	101	1105	2294	7541	22169	8785	4041	19999	17356	28988	90047	154691	241714	403441	
-15|Operative	:	192143	247834	609233	989348	1052589	1753668	1963909	2144940	2999021	4057324	4986070	5939103	5807712	5338347	5837694	
-15|Pharmacist	:	5461	9836	16085	28406	54859	0	69519	89469	79447	84842	97311	107984	122992	129075	123677	
-15|Railroad Conductor	:	404	5217	8237	18353	55275	60701	82636	80889	47656	55662	63262	53684	58455	45153	54613	
-15|Security Guard	:	3134	5921	13271	22650	59778	80602	127651	150635	236592	261719	352263	403058	720590	1009311	1212189	
-15|Taxi Cab Driver / Chauffeur	:	1212	8330	13171	6883	54585	81605	163471	245170	0	210517	182830	183626	202071	221055	294801	
-15|Typesetter	:	16068	21878	31352	56060	104848	119412	138562	200197	170993	172748	181010	150058	38944	27338	51064	
-15|Veterinarian	:	0	101	905	2894	6837	12344	14934	12131	11029	15063	17730	17025	32252	38495	39184	
-15|Waiter / Waitress	:	7184	7926	18090	27544	63437	119657	109513	154184	205614	129961	151423	178989	227767	356754	595509	
-7|Mathematician	:	0	0	0	0	100	0	0	505	0	1618	5874	6907	5543	4668	0	
